$class
   [1] 7 7 7 7 7 7 7 7 7 7 7 7 7 7 7 7 7 7 7 7 7 7 7 7 7
  [26] 7 7 7 7 7 7 7 7 7 7 7 7 7 7 7 7 7 7 7 7 7 7 7 7 7
  [51] 7 7 7 7 7 7 7 7 7 7 7 7 7 7 7 7 7 7 7 7 7 7 7 7 7
  [76] 7 7 7 7 7 7 7 7 7 7 7 7 7 7 7 7 7 7 7 7 7 7 7 7 7
 [101] 7 7 7 7 7 7 7 7 7 7 7 7 7 7 7 7 7 7 7 7 7 7 7 7 7
 [126] 7 7 7 7 7 7 7 7 7 7 7 7 7 7 7 7 7 7 7 7 7 7 7 7 7
 [151] 7 7 7 7 7 7 7 7 7 7 7 7 7 7 7 7 7 7 7 7 7 7 7 7 7
 [176] 7 7 7 7 7 7 7 7 7 7 7 7 7 7 7 7 7 7 7 7 7 7 7 7 7
 [201] 7 7 7 7 7 7 7 7 7 7 7 7 7 7 7 7 7 7 7 7 7 7 7 7 7
 [226] 7 7 7 7 7 7 7 7 7 7 7 7 7 7 7 7 7 7 7 7 7 7 7 7 7
 [251] 7 7 7 7 7 7 7 7 7 7 7 7 7 7 7 7 7 7 7 7 7 7 7 7 7
 [276] 7 7 7 7 7 7 7 7 7 7 7 7 7 7 7 7 7 7 7 7 7 7 7 7 7
 [301] 7 7 7 7 7 7 7 7 7 7 7 7 7 7 7 7 7 7 7 7 7 7 7 7 7
 [326] 7 7 7 7 7 7 7 7 7 7 7 7 7 7 7 7 7 7 7 7 7 7 7 7 7
 [351] 7 7 7 7 7 7 7 7 7 7 7 7 7 7 7 7 7 7 7 7 7 7 7 7 7
 [376] 7 7 7 7 7 7 7 7 7 7 7 7 7 7 7 7 7 7 7 7 7 7 7 7 7
 [401] 7 7 7 7 7 7 7 7 7 7 7 7 7 7 7 7 7 7 7 7 7 7 7 7 7
 [426] 7 7 7 7 7 7 7 7 7 7 7 7 7 7 7 7 7 7 7 7 7 7 7 7 7
 [451] 7 7 7 7 7 7 7 7 7 7 7 7 7 7 7 7 7 7 7 7 7 7 7 7 7
 [476] 7 7 7 7 7 7 7 7 7 7 7 7 7 7 7 7 7 7 7 7 7 7 7 7 7
 [501] 7 7 7 7 7 7 7 7 7 7 7 7 7 7 7 7 7 7 7 7 7 7 7 7 7
 [526] 7 7 7 7 7 7 7 7 7 7 7 7 7 7 7 7 7 7 7 7 7 7 7 7 7
 [551] 7 7 7 7 7 7 7 7 7 7 7 7 7 7 7 7 7 7 7 7 7 7 7 7 7
 [576] 7 7 7 7 7 7 7 7 7 7 7 7 7 7 7 7 7 7 7 7 7 7 7 7 7
 [601] 7 7 7 7 7 7 7 7 7 7 7 7 7 7 7 7 7 7 7 7 7 7 7 7 7
 [626] 7 7 7 7 7 7 7 7 7 7 7 7 7 7 7 7 7 7 7 7 7 7 7 7 7
 [651] 7 7 7 7 7 7 7 7 7 7 7 7 7 7 7 7 7 7 7 7 7 7 7 7 7
 [676] 7 7 7 7 7 7 7 7 7 7 7 7 7 7 7 7 7 7 7 7 7 7 7 7 7
 [701] 7 7 7 7 7 7 7 7 7 7 7 7 7 7 7 7 7 7 7 7 7 7 7 7 7
 [726] 7 7 7 7 7 7 7 7 7 7 7 7 7 7 7 7 7 7 7 7 7 7 7 7 7
 [751] 7 7 7 7 7 7 7 7 7 7 7 7 7 7 7 7 7 7 7 7 7 7 7 7 7
 [776] 7 7 7 7 7 7 7 7 7 7 7 7 7 7 7 7 7 7 7 7 7 7 7 7 7
 [801] 7 7 7 7 7 7 7 7 7 7 7 7 7 7 7 7 7 7 7 7 7 7 7 7 7
 [826] 7 7 7 7 7 7 7 7 7 7 7 7 7 7 7 7 7 7 7 7 7 7 7 7 7
 [851] 7 7 7 7 7 7 7 7 7 7 7 7 7 7 7 7 7 7 7 7 7 7 7 7 7
 [876] 7 7 7 7 7 7 7 7 7 7 7 7 7 7 7 7 7 7 7 7 7 7 7 7 7
 [901] 7 7 7 7 7 7 7 7 7 7 7 7 7 7 7 7 7 7 7 7 7 7 7 7 7
 [926] 7 7 7 7 7 7 7 7 7 7 7 7 7 7 7 7 7 7 7 7 7 7 7 7 7
 [951] 7 7 7 7 7 7 7 7 7 7 7 7 7 7 7 7 7 7 7 7 7 7 7 7 7
 [976] 7 7 7 7 7 7 7 7 7 7 7 7 7 7 7 7 7 7 7 7 7 7 7 7 7
 [ reached getOption("max.print") -- omitted 365592 entries ]
Levels: 2 3 7

$posterior
                  2            3            7
1      2.886892e-04 2.440670e-04 9.994672e-01
2      3.764581e-04 3.288585e-04 9.992947e-01
3      5.567352e-04 7.048505e-04 9.987384e-01
4      3.210771e-04 5.311491e-04 9.991478e-01
5      2.792041e-04 3.912171e-04 9.993296e-01
6      3.351664e-04 5.315104e-04 9.991333e-01
7      6.525806e-04 1.151176e-03 9.981962e-01
8      7.621637e-04 1.138573e-03 9.980993e-01
9      4.305671e-04 6.361445e-04 9.989333e-01
10     2.388135e-04 3.252219e-04 9.994360e-01
11     3.139395e-04 2.886000e-04 9.993975e-01
12     2.726545e-04 3.201299e-04 9.994072e-01
13     2.299377e-04 3.609180e-04 9.994091e-01
14     2.021544e-04 3.763203e-04 9.994215e-01
15     1.940810e-04 3.265440e-04 9.994794e-01
16     1.935566e-04 3.803972e-04 9.994260e-01
17     2.152229e-04 4.318777e-04 9.993529e-01
18     3.123089e-04 5.763380e-04 9.991114e-01
19     3.035574e-04 5.346988e-04 9.991617e-01
20     2.655319e-04 4.251440e-04 9.993093e-01
21     2.939191e-04 3.901153e-04 9.993160e-01
22     3.075551e-04 3.573451e-04 9.993351e-01
23     2.898042e-04 3.762726e-04 9.993339e-01
24     2.402388e-04 3.902313e-04 9.993695e-01
25     7.962485e-05 1.231317e-04 9.997972e-01
26     9.825964e-05 1.720704e-04 9.997297e-01
27     1.191907e-04 2.269272e-04 9.996539e-01
28     1.026307e-04 1.731311e-04 9.997242e-01
29     1.621237e-04 2.824477e-04 9.995554e-01
30     2.975846e-04 6.848585e-04 9.990176e-01
31     3.499917e-04 1.211946e-03 9.984381e-01
32     4.725870e-04 1.663624e-03 9.978638e-01
33     5.137433e-04 1.501261e-03 9.979850e-01
34     2.053109e-04 7.855384e-04 9.990092e-01
35     3.207259e-04 7.296379e-04 9.989496e-01
36     4.315381e-04 9.725510e-04 9.985959e-01
37     2.623859e-04 8.759979e-04 9.988616e-01
38     1.126892e-04 3.390952e-04 9.995482e-01
39     1.417113e-04 3.797525e-04 9.994785e-01
40     2.495202e-04 4.764799e-04 9.992740e-01
41     3.679174e-04 6.846891e-04 9.989474e-01
42     3.737607e-04 8.654266e-04 9.987608e-01
43     4.672056e-04 1.305214e-03 9.982276e-01
44     2.868684e-04 8.007375e-04 9.989124e-01
45     2.445578e-04 7.783126e-04 9.989771e-01
46     2.703887e-04 8.341021e-04 9.988955e-01
47     2.077284e-04 6.397124e-04 9.991526e-01
48     2.090844e-04 6.239166e-04 9.991670e-01
49     2.213366e-04 6.659950e-04 9.991127e-01
50     2.050094e-04 4.682170e-04 9.993268e-01
51     1.658071e-04 3.062778e-04 9.995279e-01
52     1.455288e-04 2.459392e-04 9.996085e-01
53     1.806167e-04 3.634553e-04 9.994559e-01
54     2.090452e-04 5.019821e-04 9.992890e-01
55     1.634464e-04 5.342503e-04 9.993023e-01
56     2.062850e-04 8.066709e-04 9.989870e-01
57     1.496316e-04 5.409124e-04 9.993095e-01
58     1.239486e-04 3.793506e-04 9.994967e-01
59     1.510153e-04 3.677562e-04 9.994812e-01
60     1.995890e-04 4.446000e-04 9.993558e-01
61     1.878680e-04 4.401429e-04 9.993720e-01
62     2.293364e-04 5.917307e-04 9.991789e-01
63     2.482387e-04 6.297293e-04 9.991220e-01
64     2.352565e-04 7.253435e-04 9.990394e-01
65     1.085123e-04 3.319690e-04 9.995595e-01
66     2.106331e-04 6.288573e-04 9.991605e-01
67     4.779329e-04 1.583762e-03 9.979383e-01
68     3.056908e-04 1.003366e-03 9.986909e-01
69     2.406716e-04 6.422217e-04 9.991171e-01
70     1.297898e-04 3.350891e-04 9.995351e-01
71     1.152644e-04 2.990550e-04 9.995857e-01
72     1.668958e-04 4.223058e-04 9.994108e-01
73     2.384508e-04 5.211972e-04 9.992404e-01
74     2.602516e-04 5.853153e-04 9.991544e-01
75     1.890746e-04 4.346797e-04 9.993762e-01
76     1.964109e-04 4.447450e-04 9.993588e-01
77     2.223165e-04 4.340830e-04 9.993436e-01
78     1.368161e-04 2.823175e-04 9.995809e-01
79     1.540861e-04 2.708771e-04 9.995750e-01
80     1.688575e-04 3.252780e-04 9.995059e-01
81     1.367578e-04 3.168115e-04 9.995464e-01
82     1.528274e-04 3.041385e-04 9.995430e-01
83     2.019901e-04 2.278961e-04 9.995701e-01
84     1.586656e-04 2.066444e-04 9.996347e-01
85     1.601684e-04 2.483184e-04 9.995915e-01
86     1.458728e-04 2.445354e-04 9.996096e-01
87     1.346716e-04 3.013200e-04 9.995640e-01
88     1.556319e-04 3.538838e-04 9.994905e-01
89     1.560758e-04 3.873413e-04 9.994566e-01
90     1.560812e-04 3.661617e-04 9.994778e-01
91     1.092179e-04 2.033729e-04 9.996874e-01
92     9.888455e-05 1.460236e-04 9.997551e-01
93     1.457726e-04 2.481021e-04 9.996061e-01
94     1.497387e-04 2.829865e-04 9.995673e-01
95     1.757731e-04 3.100971e-04 9.995141e-01
96     1.502176e-04 3.320814e-04 9.995177e-01
97     1.376974e-04 3.062992e-04 9.995560e-01
98     8.481630e-05 1.730722e-04 9.997421e-01
99     1.100893e-04 2.348154e-04 9.996551e-01
100    9.840185e-05 2.379319e-04 9.996637e-01
101    6.780927e-05 1.702785e-04 9.997619e-01
102    9.064971e-05 2.390813e-04 9.996703e-01
103    1.193772e-04 1.978623e-04 9.996828e-01
104    9.743303e-05 1.296072e-04 9.997730e-01
105    1.004731e-04 1.589272e-04 9.997406e-01
106    9.988065e-05 1.900694e-04 9.997100e-01
107    9.961218e-05 2.071269e-04 9.996933e-01
108    1.119009e-04 3.296290e-04 9.995585e-01
109    6.404047e-05 2.205419e-04 9.997154e-01
110    6.954665e-05 1.994842e-04 9.997310e-01
111    1.169198e-04 2.353697e-04 9.996477e-01
112    1.247025e-04 2.892800e-04 9.995860e-01
113    1.011209e-04 2.609779e-04 9.996379e-01
114    1.129956e-04 2.580028e-04 9.996290e-01
115    1.620211e-04 3.926298e-04 9.994453e-01
116    2.352820e-04 4.469935e-04 9.993177e-01
117    2.178512e-04 5.340474e-04 9.992481e-01
118    1.564554e-04 5.385325e-04 9.993050e-01
119    7.869122e-05 2.539997e-04 9.996673e-01
120    6.955241e-05 1.737573e-04 9.997567e-01
121    1.056044e-04 2.189417e-04 9.996755e-01
122    1.652785e-04 4.259367e-04 9.994088e-01
123    2.002213e-04 5.745741e-04 9.992252e-01
124    2.802534e-04 7.315873e-04 9.989882e-01
125    2.079237e-04 4.163950e-04 9.993757e-01
126    1.430952e-04 2.856449e-04 9.995713e-01
127    6.503064e-05 1.307621e-04 9.998042e-01
128    5.400205e-05 1.249966e-04 9.998210e-01
129    6.682264e-05 2.294501e-04 9.997037e-01
130    7.389499e-05 2.763059e-04 9.996498e-01
131    1.043842e-04 3.262997e-04 9.995693e-01
132    1.861457e-04 4.522049e-04 9.993616e-01
133    2.030899e-04 4.041500e-04 9.993928e-01
134    9.269602e-05 1.372955e-04 9.997700e-01
135    1.005114e-04 1.759047e-04 9.997236e-01
136    1.123930e-04 1.898872e-04 9.996977e-01
137    1.407468e-04 2.065087e-04 9.996527e-01
138    1.109474e-04 1.788222e-04 9.997102e-01
139    7.055004e-05 1.427425e-04 9.997867e-01
140    1.048148e-04 1.980446e-04 9.996971e-01
141    9.006039e-05 1.456209e-04 9.997643e-01
142    8.368832e-05 1.533397e-04 9.997630e-01
143    8.449053e-05 1.554013e-04 9.997601e-01
144    1.101352e-04 1.866833e-04 9.997032e-01
145    1.262994e-04 2.591062e-04 9.996146e-01
146    1.684191e-04 3.087751e-04 9.995228e-01
147    1.062622e-04 2.658146e-04 9.996279e-01
148    6.907342e-05 1.292629e-04 9.998017e-01
149    6.477841e-05 1.414544e-04 9.997938e-01
150    9.770690e-05 2.134845e-04 9.996888e-01
151    1.160858e-04 2.323174e-04 9.996516e-01
152    1.287943e-04 2.428775e-04 9.996283e-01
153    1.498394e-04 2.146289e-04 9.996355e-01
154    2.353166e-04 4.018677e-04 9.993628e-01
155    2.542132e-04 5.533728e-04 9.991924e-01
156    1.418674e-04 2.744267e-04 9.995837e-01
157    7.955688e-05 1.595193e-04 9.997609e-01
158    1.320961e-04 3.400260e-04 9.995279e-01
159    1.599797e-04 4.187950e-04 9.994212e-01
160    1.938086e-04 6.524811e-04 9.991537e-01
161    2.003065e-04 6.297048e-04 9.991700e-01
162    1.704659e-04 4.219880e-04 9.994075e-01
163    1.385312e-04 2.740986e-04 9.995874e-01
164    2.166369e-04 2.830553e-04 9.995003e-01
165    1.929360e-04 2.960538e-04 9.995110e-01
166    1.230774e-04 2.069781e-04 9.996699e-01
167    1.312641e-04 2.296807e-04 9.996391e-01
168    1.903485e-04 3.791268e-04 9.994305e-01
169    1.706537e-04 3.258588e-04 9.995035e-01
170    1.414332e-04 3.355971e-04 9.995230e-01
171    1.431373e-04 3.934608e-04 9.994634e-01
172    1.681471e-04 3.702794e-04 9.994616e-01
173    1.943837e-04 3.644108e-04 9.994412e-01
174    1.400023e-04 2.832473e-04 9.995768e-01
175    1.276547e-04 2.155279e-04 9.996568e-01
176    1.437744e-04 2.633526e-04 9.995929e-01
177    1.499342e-04 3.538722e-04 9.994962e-01
178    1.487746e-04 3.618519e-04 9.994894e-01
179    1.718141e-04 3.959298e-04 9.994323e-01
180    2.319128e-04 6.333431e-04 9.991347e-01
181    2.344036e-04 7.240859e-04 9.990415e-01
182    2.734250e-04 8.527380e-04 9.988738e-01
183    3.575001e-04 8.675598e-04 9.987749e-01
184    3.486179e-04 4.943293e-04 9.991571e-01
185    3.379302e-04 4.747468e-04 9.991873e-01
186    2.847783e-04 4.984058e-04 9.992168e-01
187    2.209196e-04 4.195621e-04 9.993595e-01
188    2.381982e-04 4.816500e-04 9.992802e-01
189    1.867441e-04 4.590463e-04 9.993542e-01
190    1.200033e-04 3.177687e-04 9.995622e-01
191    1.470852e-04 3.424159e-04 9.995105e-01
192    2.260511e-04 4.294458e-04 9.993445e-01
193    1.816198e-04 2.586101e-04 9.995598e-01
194    1.607043e-04 1.747691e-04 9.996645e-01
195    1.575956e-04 1.479021e-04 9.996945e-01
196    1.506208e-04 1.403731e-04 9.997090e-01
197    1.087017e-04 1.047241e-04 9.997866e-01
198    1.697432e-04 1.527237e-04 9.996775e-01
199    2.902084e-04 2.983313e-04 9.994115e-01
200    2.427994e-04 2.881776e-04 9.994690e-01
201    1.808740e-04 3.085050e-04 9.995106e-01
202    1.894511e-04 3.609546e-04 9.994496e-01
203    1.993502e-04 3.163839e-04 9.994843e-01
204    1.738900e-04 2.933193e-04 9.995328e-01
205    2.182566e-04 3.036652e-04 9.994781e-01
206    2.755028e-04 4.930842e-04 9.992314e-01
207    2.084769e-04 4.591312e-04 9.993324e-01
208    1.236579e-04 3.515508e-04 9.995248e-01
209    1.611820e-04 4.955138e-04 9.993433e-01
210    2.871986e-04 6.674204e-04 9.990454e-01
211    3.551131e-04 6.547670e-04 9.989901e-01
212    4.124131e-04 6.783148e-04 9.989093e-01
213    3.245226e-04 5.408423e-04 9.991346e-01
214    1.757935e-04 3.027461e-04 9.995215e-01
215    1.981224e-04 3.177040e-04 9.994842e-01
216    2.335057e-04 3.790379e-04 9.993875e-01
217    2.767776e-04 4.438784e-04 9.992793e-01
218    4.327465e-04 6.284330e-04 9.989388e-01
219    3.336500e-04 6.536410e-04 9.990127e-01
220    3.406243e-04 6.635891e-04 9.989958e-01
221    3.400888e-04 6.604629e-04 9.989994e-01
222    2.508640e-04 4.700399e-04 9.992791e-01
223    2.234795e-04 3.986707e-04 9.993778e-01
224    2.576438e-04 3.753215e-04 9.993670e-01
225    2.718448e-04 3.614598e-04 9.993667e-01
226    2.591273e-04 3.006748e-04 9.994402e-01
227    2.821350e-04 2.644824e-04 9.994534e-01
228    2.848757e-04 3.147252e-04 9.994004e-01
229    4.298992e-04 6.540450e-04 9.989161e-01
230    3.595543e-04 6.324057e-04 9.990080e-01
231    2.811338e-04 5.889645e-04 9.991299e-01
232    3.219993e-04 5.058306e-04 9.991722e-01
233    3.520281e-04 4.964468e-04 9.991515e-01
234    2.738713e-04 3.752885e-04 9.993508e-01
235    2.191673e-04 2.721317e-04 9.995087e-01
236    3.340052e-04 3.514850e-04 9.993145e-01
237    4.358966e-04 4.428850e-04 9.991212e-01
238    4.753830e-04 4.607421e-04 9.990639e-01
239    4.546401e-04 6.103418e-04 9.989350e-01
240    4.908910e-04 7.834532e-04 9.987257e-01
241    5.049983e-04 1.018279e-03 9.984767e-01
242    2.658762e-04 5.913130e-04 9.991428e-01
243    2.931204e-04 4.875014e-04 9.992194e-01
244    4.451268e-04 5.902712e-04 9.989646e-01
245    5.381894e-04 5.466235e-04 9.989152e-01
246    5.465116e-04 5.720116e-04 9.988815e-01
247    5.181335e-04 5.561529e-04 9.989257e-01
248    3.287977e-04 4.819105e-04 9.991893e-01
249    3.093099e-04 4.074451e-04 9.992832e-01
250    3.272585e-04 4.444479e-04 9.992283e-01
251    4.137530e-04 5.701847e-04 9.990161e-01
252    5.786624e-04 7.407466e-04 9.986806e-01
253    2.854893e-04 3.423456e-04 9.993722e-01
254    3.075611e-04 3.272796e-04 9.993652e-01
255    3.864315e-04 5.116700e-04 9.991019e-01
256    1.964829e-04 2.458602e-04 9.995577e-01
257    2.113740e-04 2.301715e-04 9.995585e-01
258    3.246760e-04 2.864249e-04 9.993889e-01
259    3.533936e-04 4.262205e-04 9.992204e-01
260    3.273085e-04 5.386353e-04 9.991341e-01
261    3.710258e-04 6.352659e-04 9.989937e-01
262    3.048768e-04 5.504479e-04 9.991447e-01
263    2.865610e-04 5.247964e-04 9.991886e-01
264    3.922160e-04 5.880909e-04 9.990197e-01
265    5.183776e-04 5.507571e-04 9.989309e-01
266    4.304342e-04 4.988828e-04 9.990707e-01
267    3.602220e-04 4.070478e-04 9.992327e-01
268    2.977405e-04 2.931747e-04 9.994091e-01
269    2.457577e-04 2.950418e-04 9.994592e-01
270    2.824372e-04 4.174141e-04 9.993001e-01
271    2.418248e-04 3.753980e-04 9.993828e-01
272    2.180287e-04 4.654830e-04 9.993165e-01
273    2.966363e-04 6.733321e-04 9.990300e-01
274    3.781598e-04 7.230857e-04 9.988988e-01
275    4.326192e-04 7.449931e-04 9.988224e-01
276    2.295238e-04 5.104782e-04 9.992600e-01
277    2.129448e-04 3.720437e-04 9.994150e-01
278    4.617037e-04 8.293420e-04 9.987090e-01
279    4.310773e-04 8.136529e-04 9.987553e-01
280    2.696090e-04 5.159820e-04 9.992144e-01
281    1.741733e-04 3.254017e-04 9.995004e-01
282    2.268048e-04 4.841801e-04 9.992890e-01
283    3.524755e-04 8.945674e-04 9.987530e-01
284    4.953777e-04 1.123052e-03 9.983816e-01
285    4.691313e-04 9.524693e-04 9.985784e-01
286    2.755246e-04 6.101963e-04 9.991143e-01
287    2.632587e-04 5.297894e-04 9.992070e-01
288    3.410187e-04 5.193565e-04 9.991396e-01
289    4.552679e-04 7.322051e-04 9.988125e-01
290    5.647198e-04 9.738189e-04 9.984615e-01
291    3.666889e-04 6.932637e-04 9.989400e-01
292    2.929465e-04 7.392941e-04 9.989678e-01
293    2.885052e-04 7.603602e-04 9.989511e-01
294    3.264508e-04 6.867558e-04 9.989868e-01
295    4.086853e-04 9.333221e-04 9.986580e-01
296    4.350688e-04 1.003621e-03 9.985613e-01
297    6.099571e-04 9.848161e-04 9.984052e-01
298    7.040514e-04 1.183183e-03 9.981128e-01
299    7.974365e-04 1.212351e-03 9.979902e-01
300    8.111420e-04 1.327473e-03 9.978614e-01
301    7.497660e-04 1.450775e-03 9.977995e-01
302    5.088849e-04 8.745940e-04 9.986165e-01
303    4.749140e-04 8.954765e-04 9.986296e-01
304    5.968838e-04 1.200333e-03 9.982028e-01
305    6.970566e-04 1.114723e-03 9.981882e-01
306    7.671381e-04 1.004590e-03 9.982283e-01
307    9.739650e-04 1.339697e-03 9.976863e-01
308    9.630548e-04 1.238373e-03 9.977986e-01
309    7.768041e-04 9.566705e-04 9.982665e-01
310    7.116988e-04 7.705065e-04 9.985178e-01
311    4.922060e-04 6.424591e-04 9.988653e-01
312    3.863397e-04 6.992144e-04 9.989144e-01
313    5.203505e-04 8.499540e-04 9.986297e-01
314    9.757579e-04 1.477178e-03 9.975471e-01
315    8.138089e-04 1.075578e-03 9.981106e-01
316    7.780098e-04 9.931298e-04 9.982289e-01
317    4.488120e-04 5.963532e-04 9.989548e-01
318    2.632439e-04 3.523363e-04 9.993844e-01
319    3.028183e-04 4.845186e-04 9.992127e-01
320    3.965633e-04 6.280721e-04 9.989754e-01
321    5.713546e-04 9.337155e-04 9.984949e-01
322    7.740028e-04 1.630141e-03 9.975959e-01
323    3.946490e-04 1.018862e-03 9.985865e-01
324    2.564380e-04 6.888189e-04 9.990547e-01
325    3.625033e-04 7.687048e-04 9.988688e-01
326    4.357874e-04 5.812843e-04 9.989829e-01
327    3.353781e-04 4.106490e-04 9.992540e-01
328    2.016626e-04 2.846965e-04 9.995136e-01
329    2.985018e-04 3.620084e-04 9.993395e-01
330    3.440526e-04 5.914124e-04 9.990645e-01
331    3.635060e-04 7.296699e-04 9.989068e-01
332    2.257176e-04 5.595696e-04 9.992147e-01
333    1.624413e-04 5.755544e-04 9.992620e-01
 [ reached getOption("max.print") -- omitted 366259 rows ]

$x
                 LD1           LD2
1       3.414348e+00 -1.910905e+00
2       3.290624e+00 -1.861503e+00
3       2.996511e+00 -1.923708e+00
4       3.137135e+00 -2.166474e+00
5       3.253753e+00 -2.130228e+00
6       3.133568e+00 -2.138583e+00
7       2.814378e+00 -2.024656e+00
8       2.806121e+00 -1.918197e+00
9       3.051955e+00 -2.049421e+00
10      3.329776e+00 -2.155447e+00
11      3.349880e+00 -1.926017e+00
12      3.324957e+00 -2.061901e+00
13      3.296693e+00 -2.223867e+00
14      3.292223e+00 -2.325836e+00
15      3.344455e+00 -2.293216e+00
16      3.291866e+00 -2.358857e+00
17      3.239734e+00 -2.342349e+00
18      3.111035e+00 -2.218798e+00
19      3.139184e+00 -2.206074e+00
20      3.228880e+00 -2.197962e+00
21      3.250745e+00 -2.095351e+00
22      3.277575e+00 -2.028890e+00
23      3.264335e+00 -2.089486e+00
24      3.266284e+00 -2.227786e+00
25      3.750790e+00 -2.469625e+00
26      3.618775e+00 -2.471698e+00
27      3.508114e+00 -2.460798e+00
28      3.613277e+00 -2.445717e+00
29      3.408578e+00 -2.350552e+00
30      3.055090e+00 -2.322649e+00
31      2.844947e+00 -2.454948e+00
32      2.711927e+00 -2.390363e+00
33      2.741015e+00 -2.292641e+00
34      3.036413e+00 -2.623534e+00
35      3.027364e+00 -2.300010e+00
36      2.904875e+00 -2.225500e+00
37      2.979670e+00 -2.508198e+00
38      3.373549e+00 -2.665647e+00
39      3.316621e+00 -2.562687e+00
40      3.194269e+00 -2.286458e+00
41      3.038714e+00 -2.183351e+00
42      2.956424e+00 -2.270999e+00
43      2.796854e+00 -2.296429e+00
44      3.003840e+00 -2.412098e+00
45      3.026047e+00 -2.504907e+00
46      2.994302e+00 -2.467988e+00
47      3.106564e+00 -2.529957e+00
48      3.114710e+00 -2.515230e+00
49      3.087712e+00 -2.505171e+00
50      3.215557e+00 -2.408044e+00
51      3.378822e+00 -2.369703e+00
52      3.464816e+00 -2.363484e+00
53      3.312989e+00 -2.385190e+00
54      3.189957e+00 -2.424385e+00
55      3.187481e+00 -2.611879e+00
56      3.026859e+00 -2.631533e+00
57      3.190038e+00 -2.674998e+00
58      3.327367e+00 -2.650104e+00
59      3.322795e+00 -2.507541e+00
60      3.235539e+00 -2.403971e+00
61      3.243716e+00 -2.439460e+00
62      3.125867e+00 -2.432419e+00
63      3.098191e+00 -2.406494e+00
64      3.053445e+00 -2.500864e+00
65      3.383822e+00 -2.681539e+00
66      3.111409e+00 -2.513688e+00
67      2.728096e+00 -2.362415e+00
68      2.920833e+00 -2.464755e+00
69      3.093795e+00 -2.435022e+00
70      3.366710e+00 -2.567988e+00
71      3.415257e+00 -2.598251e+00
72      3.267203e+00 -2.499809e+00
73      3.166756e+00 -2.353755e+00
74      3.119831e+00 -2.344895e+00
75      3.247540e+00 -2.430035e+00
76      3.236670e+00 -2.414638e+00
77      3.235458e+00 -2.323205e+00
78      3.421893e+00 -2.461704e+00
79      3.426985e+00 -2.366410e+00
80      3.356592e+00 -2.382925e+00
81      3.382057e+00 -2.510213e+00
82      3.387565e+00 -2.420248e+00
83      3.465752e+00 -2.116523e+00
84      3.518321e+00 -2.233947e+00
85      3.454057e+00 -2.304630e+00
86      3.466613e+00 -2.359540e+00
87      3.400588e+00 -2.499323e+00
88      3.333761e+00 -2.471698e+00
89      3.302293e+00 -2.507625e+00
90      3.321740e+00 -2.484077e+00
91      3.552784e+00 -2.472269e+00
92      3.675042e+00 -2.398861e+00
93      3.461658e+00 -2.366050e+00
94      3.414078e+00 -2.403484e+00
95      3.370011e+00 -2.336596e+00
96      3.358499e+00 -2.468324e+00
97      3.393197e+00 -2.491603e+00
98      3.628168e+00 -2.570646e+00
99      3.502452e+00 -2.527206e+00
100     3.506590e+00 -2.606350e+00
101     3.651135e+00 -2.710647e+00
102     3.511282e+00 -2.662198e+00
103     3.555390e+00 -2.402425e+00
104     3.717427e+00 -2.358659e+00
105     3.644526e+00 -2.423837e+00
106     3.583104e+00 -2.502591e+00
107     3.553593e+00 -2.540316e+00
108     3.383886e+00 -2.658406e+00
109     3.566119e+00 -2.856386e+00
110     3.594433e+00 -2.760286e+00
111     3.496972e+00 -2.488702e+00
112     3.420652e+00 -2.532716e+00
113     3.472504e+00 -2.627151e+00
114     3.467865e+00 -2.549514e+00
115     3.294705e+00 -2.488772e+00
116     3.220924e+00 -2.298279e+00
117     3.165336e+00 -2.423219e+00
118     3.188107e+00 -2.643897e+00
119     3.501310e+00 -2.780333e+00
120     3.642175e+00 -2.702458e+00
121     3.529882e+00 -2.525205e+00
122     3.264997e+00 -2.509779e+00
123     3.146574e+00 -2.509182e+00
124     3.036905e+00 -2.389626e+00
125     3.255038e+00 -2.349711e+00
126     3.414362e+00 -2.437168e+00
127     3.745686e+00 -2.627606e+00
128     3.775676e+00 -2.730650e+00
129     3.549130e+00 -2.845055e+00
130     3.477071e+00 -2.856807e+00
131     3.392785e+00 -2.699776e+00
132     3.235078e+00 -2.456813e+00
133     3.267187e+00 -2.352655e+00
134     3.701362e+00 -2.415469e+00
135     3.609398e+00 -2.466056e+00
136     3.574290e+00 -2.424761e+00
137     3.527837e+00 -2.312290e+00
138     3.596055e+00 -2.408132e+00
139     3.709062e+00 -2.610845e+00
140     3.565154e+00 -2.488156e+00
141     3.683240e+00 -2.459025e+00
142     3.671066e+00 -2.528777e+00
143     3.665709e+00 -2.528106e+00
144     3.581747e+00 -2.430954e+00
145     3.457763e+00 -2.478278e+00
146     3.374802e+00 -2.362847e+00
147     3.462310e+00 -2.602300e+00
148     3.745001e+00 -2.583216e+00
149     3.718809e+00 -2.663044e+00
150     3.544634e+00 -2.565636e+00
151     3.502041e+00 -2.487937e+00
152     3.478617e+00 -2.438383e+00
153     3.509647e+00 -2.287358e+00
154     3.257725e+00 -2.253660e+00
155     3.141068e+00 -2.336820e+00
156     3.428887e+00 -2.426058e+00
157     3.661327e+00 -2.578521e+00
158     3.360286e+00 -2.562552e+00
159     3.273372e+00 -2.524082e+00
160     3.105103e+00 -2.583728e+00
161     3.114841e+00 -2.547230e+00
162     3.265823e+00 -2.485608e+00
163     3.431145e+00 -2.441169e+00
164     3.385362e+00 -2.161286e+00
165     3.378817e+00 -2.256085e+00
166     3.537449e+00 -2.401246e+00
167     3.496465e+00 -2.402546e+00
168     3.294319e+00 -2.368422e+00
169     3.355155e+00 -2.376730e+00
170     3.359528e+00 -2.512261e+00
171     3.303579e+00 -2.570955e+00
172     3.312100e+00 -2.439904e+00
173     3.306386e+00 -2.338097e+00
174     3.418971e+00 -2.447976e+00
175     3.520621e+00 -2.394227e+00
176     3.442097e+00 -2.400064e+00
177     3.336663e+00 -2.496153e+00
178     3.329552e+00 -2.510576e+00
179     3.287260e+00 -2.453773e+00
180     3.101487e+00 -2.453520e+00
181     3.054327e+00 -2.502521e+00
182     2.985788e+00 -2.469904e+00
183     2.959024e+00 -2.301211e+00
184     3.155604e+00 -2.082427e+00
185     3.172002e+00 -2.085946e+00
186     3.168454e+00 -2.218566e+00
187     3.247716e+00 -2.313106e+00
188     3.194137e+00 -2.321438e+00
189     3.229635e+00 -2.460989e+00
190     3.391142e+00 -2.597214e+00
191     3.349533e+00 -2.494970e+00
192     3.237881e+00 -2.307783e+00
193     3.430269e+00 -2.239163e+00
194     3.575267e+00 -2.155472e+00
195     3.634500e+00 -2.098445e+00
196     3.656076e+00 -2.106281e+00
197     3.782660e+00 -2.197660e+00
198     3.617651e+00 -2.063154e+00
199     3.344508e+00 -1.991461e+00
200     3.370318e+00 -2.093991e+00
201     3.369574e+00 -2.315675e+00
202     3.311675e+00 -2.350972e+00
203     3.353311e+00 -2.262417e+00
204     3.390084e+00 -2.320390e+00
205     3.360476e+00 -2.185806e+00
206     3.174737e+00 -2.235799e+00
207     3.221035e+00 -2.388842e+00
208     3.353873e+00 -2.619803e+00
209     3.214602e+00 -2.589543e+00
210     3.066770e+00 -2.335167e+00
211     3.056925e+00 -2.187899e+00
212     3.033090e+00 -2.104534e+00
213     3.130051e+00 -2.167037e+00
214     3.378300e+00 -2.326482e+00
215     3.352350e+00 -2.268212e+00
216     3.278555e+00 -2.234259e+00
217     3.210746e+00 -2.188789e+00
218     3.055783e+00 -2.041007e+00
219     3.062358e+00 -2.228082e+00
220     3.055527e+00 -2.220828e+00
221     3.057283e+00 -2.219885e+00
222     3.198560e+00 -2.277241e+00
223     3.264490e+00 -2.284179e+00
224     3.274334e+00 -2.165599e+00
225     3.283189e+00 -2.114654e+00
226     3.350588e+00 -2.069054e+00
227     3.388347e+00 -1.959583e+00
228     3.327445e+00 -2.026010e+00
229     3.042474e+00 -2.062048e+00
230     3.067984e+00 -2.165209e+00
231     3.111695e+00 -2.296858e+00
232     3.153810e+00 -2.144160e+00
233     3.153369e+00 -2.077829e+00
234     3.269627e+00 -2.125490e+00
235     3.398073e+00 -2.137201e+00
236     3.276894e+00 -1.967844e+00
237     3.176277e+00 -1.889863e+00
238     3.155871e+00 -1.849505e+00
239     3.062058e+00 -1.996406e+00
240     2.969701e+00 -2.050517e+00
241     2.876764e+00 -2.141575e+00
242     3.114646e+00 -2.335131e+00
243     3.173868e+00 -2.190369e+00
244     3.075269e+00 -1.996293e+00
245     3.087104e+00 -1.839591e+00
246     3.070205e+00 -1.848514e+00
247     3.084075e+00 -1.871739e+00
248     3.168947e+00 -2.110186e+00
249     3.231751e+00 -2.080050e+00
250     3.197306e+00 -2.079409e+00
251     3.092921e+00 -2.029765e+00
252     2.976321e+00 -1.919140e+00
253     3.298183e+00 -2.059794e+00
254     3.307972e+00 -1.992107e+00
255     3.135685e+00 -2.029288e+00
256     3.441656e+00 -2.166404e+00
257     3.458795e+00 -2.090888e+00
258     3.349888e+00 -1.900789e+00
259     3.205830e+00 -2.011482e+00
260     3.130802e+00 -2.159718e+00
261     3.063985e+00 -2.146491e+00
262     3.128805e+00 -2.215372e+00
263     3.150121e+00 -2.236056e+00
264     3.086372e+00 -2.077773e+00
265     3.087411e+00 -1.867351e+00
266     3.136069e+00 -1.947946e+00
267     3.220266e+00 -1.979670e+00
268     3.348551e+00 -1.967355e+00
269     3.361238e+00 -2.095895e+00
270     3.230440e+00 -2.149792e+00
271     3.279178e+00 -2.207255e+00
272     3.212809e+00 -2.365200e+00
273     3.061211e+00 -2.317643e+00
274     3.017703e+00 -2.188160e+00
275     2.996932e+00 -2.112372e+00
276     3.176904e+00 -2.370094e+00
277     3.292145e+00 -2.286938e+00
278     2.954762e+00 -2.114545e+00
279     2.966700e+00 -2.151589e+00
280     3.160711e+00 -2.268976e+00
281     3.354058e+00 -2.362750e+00
282     3.196126e+00 -2.355785e+00
283     2.949512e+00 -2.323320e+00
284     2.844354e+00 -2.195154e+00
285     2.905612e+00 -2.161971e+00
286     3.101005e+00 -2.324895e+00
287     3.153423e+00 -2.295661e+00
288     3.140228e+00 -2.117549e+00
289     2.998961e+00 -2.071649e+00
290     2.883536e+00 -2.049565e+00
291     3.034668e+00 -2.190752e+00
292     3.029843e+00 -2.364948e+00
293     3.021305e+00 -2.386723e+00
294     3.046950e+00 -2.263066e+00
295     2.923350e+00 -2.243979e+00
296     2.893357e+00 -2.233306e+00
297     2.873662e+00 -2.003700e+00
298     2.798982e+00 -1.986310e+00
299     2.780864e+00 -1.914766e+00
300     2.748126e+00 -1.941518e+00
301     2.723485e+00 -2.030287e+00
302     2.928819e+00 -2.072927e+00
303     2.926017e+00 -2.128126e+00
304     2.806833e+00 -2.100679e+00
305     2.820394e+00 -1.967937e+00
306     2.848956e+00 -1.861569e+00
307     2.730715e+00 -1.825307e+00
308     2.758825e+00 -1.799814e+00
309     2.864901e+00 -1.832912e+00
310     2.946607e+00 -1.799833e+00
311     3.038149e+00 -1.965769e+00
312     3.027659e+00 -2.160077e+00
313     2.936979e+00 -2.046355e+00
314     2.696739e+00 -1.864948e+00
315     2.820726e+00 -1.851371e+00
316     2.851833e+00 -1.847537e+00
317     3.071082e+00 -1.995172e+00
318     3.294525e+00 -2.125051e+00
319     3.173466e+00 -2.166446e+00
320     3.062760e+00 -2.098055e+00
321     2.897185e+00 -2.024313e+00
322     2.680633e+00 -2.058148e+00
323     2.895708e+00 -2.303585e+00
324     3.064637e+00 -2.422692e+00
325     2.999813e+00 -2.241492e+00
326     3.082223e+00 -2.003788e+00
327     3.222764e+00 -2.030240e+00
328     3.388916e+00 -2.210696e+00
329     3.275409e+00 -2.053917e+00
330     3.094591e+00 -2.166089e+00
331     3.017633e+00 -2.217881e+00
332     3.146435e+00 -2.419477e+00
333     3.162195e+00 -2.647079e+00
334     3.085214e+00 -2.547204e+00
335     2.916171e+00 -2.277644e+00
336     3.010034e+00 -2.268857e+00
337     3.185159e+00 -2.322887e+00
338     3.194327e+00 -2.282050e+00
339     3.225168e+00 -2.226669e+00
340     3.185562e+00 -2.209393e+00
341     3.314716e+00 -2.057899e+00
342     3.570815e+00 -2.239071e+00
343     3.537296e+00 -2.466397e+00
344     3.290234e+00 -2.438995e+00
345     3.244281e+00 -2.253746e+00
346     3.186116e+00 -2.187769e+00
347     3.148636e+00 -2.090048e+00
348     3.205551e+00 -2.230965e+00
349     3.262435e+00 -2.271462e+00
350     3.166335e+00 -2.188637e+00
351     3.003461e+00 -2.074170e+00
352     3.075669e+00 -2.167733e+00
353     3.342551e+00 -2.132151e+00
354     3.373907e+00 -2.146456e+00
355     3.379475e+00 -2.174708e+00
356     3.294275e+00 -2.114950e+00
357     3.332970e+00 -2.133681e+00
358     3.186627e+00 -2.068206e+00
359     3.225884e+00 -1.993716e+00
360     3.483994e+00 -2.107157e+00
361     3.722457e+00 -2.292752e+00
362     3.652166e+00 -2.099445e+00
363     3.619421e+00 -2.129082e+00
364     3.604357e+00 -2.274909e+00
365     3.485553e+00 -2.266376e+00
366     3.447008e+00 -2.287078e+00
367     3.673364e+00 -2.259666e+00
368     3.761726e+00 -2.345225e+00
369     3.902942e+00 -2.238555e+00
370     3.903722e+00 -2.004329e+00
371     3.753601e+00 -1.947431e+00
372     3.794318e+00 -1.977387e+00
373     3.750378e+00 -2.131168e+00
374     3.581655e+00 -2.203174e+00
375     3.480607e+00 -2.222550e+00
376     3.368360e+00 -2.180406e+00
377     3.354768e+00 -2.405889e+00
378     3.471049e+00 -2.270368e+00
379     3.393253e+00 -2.068521e+00
380     3.274629e+00 -1.934999e+00
381     3.272507e+00 -1.832952e+00
382     3.388533e+00 -1.903097e+00
383     3.393875e+00 -1.921099e+00
384     3.381664e+00 -2.123683e+00
385     3.573298e+00 -2.350662e+00
386     3.559415e+00 -2.025863e+00
387     3.567651e+00 -2.031860e+00
388     3.327781e+00 -1.943887e+00
389     3.257239e+00 -1.710835e+00
390     3.001495e+00 -1.544476e+00
391     3.052655e+00 -1.587298e+00
392     3.361096e+00 -1.645397e+00
393     3.537746e+00 -2.066384e+00
394     3.575472e+00 -2.133010e+00
395     3.420203e+00 -1.977478e+00
396     3.440859e+00 -2.033231e+00
397     3.655946e+00 -2.155307e+00
398     3.646457e+00 -1.950159e+00
399     3.836943e+00 -1.887544e+00
400     3.897782e+00 -1.785697e+00
401     3.922670e+00 -1.826055e+00
402     3.789082e+00 -1.884945e+00
403     3.626098e+00 -1.853563e+00
404     3.591063e+00 -1.844962e+00
405     3.373068e+00 -1.993281e+00
406     3.243318e+00 -1.974013e+00
407     3.224681e+00 -1.932245e+00
408     3.286102e+00 -1.999566e+00
409     3.364241e+00 -1.877362e+00
410     3.434916e+00 -1.882637e+00
411     3.462353e+00 -1.824575e+00
412     3.591531e+00 -1.902584e+00
413     3.625989e+00 -1.984233e+00
414     3.321152e+00 -2.087629e+00
415     3.236411e+00 -2.109213e+00
416     3.431916e+00 -2.146386e+00
417     3.588925e+00 -2.149251e+00
418     3.577885e+00 -2.101106e+00
419     3.498226e+00 -2.049185e+00
420     3.538217e+00 -2.068294e+00
421     3.503413e+00 -2.210243e+00
422     3.488576e+00 -2.068297e+00
423     3.504589e+00 -2.002218e+00
424     3.394433e+00 -2.069838e+00
425     3.515033e+00 -2.175387e+00
426     3.329117e+00 -2.111394e+00
427     3.537566e+00 -2.036000e+00
428     3.712756e+00 -2.247594e+00
429     3.504132e+00 -2.355332e+00
430     3.302065e+00 -2.374666e+00
431     3.193995e+00 -2.097114e+00
432     3.098474e+00 -1.856236e+00
433     3.238692e+00 -2.043043e+00
434     3.560565e+00 -2.187725e+00
435     3.645402e+00 -2.264802e+00
436     3.452428e+00 -2.310341e+00
437     3.114027e+00 -2.120170e+00
438     2.972029e+00 -2.196810e+00
439     3.003916e+00 -2.242645e+00
440     3.170331e+00 -2.231451e+00
441     3.312873e+00 -1.975100e+00
442     3.154308e+00 -1.860114e+00
443     3.139284e+00 -1.856651e+00
444     3.196340e+00 -1.997765e+00
445     3.133236e+00 -2.198981e+00
446     3.125475e+00 -2.277758e+00
447     3.066939e+00 -2.109590e+00
448     3.030558e+00 -2.073526e+00
449     2.968822e+00 -2.165040e+00
450     3.291135e+00 -2.114283e+00
451     3.504718e+00 -2.156854e+00
452     3.447905e+00 -2.224550e+00
453     3.299514e+00 -2.257174e+00
454     3.207588e+00 -2.223658e+00
455     3.430822e+00 -2.246807e+00
456     3.414591e+00 -2.321685e+00
457     3.279939e+00 -2.492927e+00
458     3.203048e+00 -2.340886e+00
459     3.062237e+00 -2.093957e+00
460     3.009636e+00 -1.973063e+00
461     3.188370e+00 -1.962100e+00
462     3.462868e+00 -2.049901e+00
463     3.368968e+00 -2.134133e+00
464     3.179425e+00 -2.125015e+00
465     3.032591e+00 -2.165277e+00
466     2.911191e+00 -2.351469e+00
467     3.040814e+00 -2.512073e+00
468     3.036526e+00 -2.207205e+00
469     3.014852e+00 -2.005049e+00
470     3.216475e+00 -2.207656e+00
471     3.371683e+00 -2.392387e+00
472     3.218636e+00 -2.183298e+00
473     3.178252e+00 -2.149529e+00
474     3.372211e+00 -2.293617e+00
475     3.423340e+00 -2.320643e+00
476     3.422701e+00 -2.324648e+00
477     3.431977e+00 -2.438105e+00
478     3.331260e+00 -2.524162e+00
479     3.177991e+00 -2.448439e+00
480     3.131317e+00 -2.363950e+00
481     3.213721e+00 -2.266878e+00
482     3.315960e+00 -2.227190e+00
483     3.384105e+00 -2.112332e+00
484     3.264983e+00 -2.050306e+00
485     3.287037e+00 -2.287850e+00
486     3.308360e+00 -2.410290e+00
487     3.196849e+00 -2.367265e+00
488     3.040327e+00 -2.373379e+00
489     2.931148e+00 -2.297917e+00
490     2.951544e+00 -2.222279e+00
491     2.922479e+00 -2.111354e+00
492     2.887707e+00 -1.984657e+00
493     2.799153e+00 -2.043646e+00
494     2.844697e+00 -2.037359e+00
495     2.981059e+00 -1.902782e+00
496     2.918557e+00 -1.812857e+00
497     3.276628e+00 -1.995231e+00
498     3.196269e+00 -2.208546e+00
499     2.993513e+00 -2.110197e+00
500     3.022915e+00 -2.027265e+00
 [ reached getOption("max.print") -- omitted 366092 rows ]
